1.019899999999999921e-08
3.037899999999999694e-08
1.007699999999999951e-07
3.015200000000000159e-07
1.003199999999999983e-06
3.006299999999999914e-06
1.001399999999999933e-05
3.002399999999999917e-05
1.000099999999999996e-04
2.999100000000000203e-04
9.993000000000000580e-04
2.997099999999999938e-03
9.988999999999999616e-03
2.996599999999999958e-02
9.988600000000000256e-02
2.071399999999999940e-08
6.157300000000000482e-08
2.046800000000000037e-07
5.480700000000000101e-07
1.629200000000000004e-06
4.458800000000000407e-06
1.373300000000000048e-05
3.919399999999999778e-05
1.260400000000000062e-04
3.697899999999999950e-04
1.210499999999999987e-03
3.587499999999999977e-03
1.187000000000000034e-02
3.555599999999999733e-02
1.185400000000000065e-01
3.556000000000000272e-01
2.235099999999999943e-08
6.690099999999999800e-08
2.239700000000000130e-07
6.742699999999999623e-07
2.221400000000000026e-06
6.564999999999999825e-06
1.928100000000000056e-05
5.199099999999999739e-05
1.563600000000000005e-04
4.362500000000000058e-04
1.375799999999999940e-03
3.980400000000000257e-03
1.287899999999999982e-02
3.800800000000000012e-02
1.261799999999999866e-01
3.782900000000000151e-01
1.260699999999999932e+00
2.449100000000000073e-08
7.274200000000000378e-08
2.384800000000000020e-07
7.126900000000000111e-07
2.404399999999999798e-06
7.109900000000000317e-06
2.374399999999999832e-05
7.251099999999999744e-05
2.147899999999999950e-04
5.737200000000000025e-04
1.702699999999999917e-03
4.673599999999999977e-03
1.446300000000000016e-02
4.132600000000000162e-02
1.333300000000000041e-01
3.967499999999999916e-01
1.320300000000000029e+00
2.856599999999999917e-08
8.164600000000000199e-08
2.640999999999999892e-07
7.756000000000000365e-07
2.518700000000000127e-06
7.509200000000000034e-06
2.509900000000000144e-05
7.639699999999999378e-05
2.538400000000000226e-04
7.588799999999999712e-04
2.245200000000000147e-03
5.940899999999999827e-03
1.742700000000000152e-02
4.723299999999999721e-02
1.440500000000000114e-01
4.114999999999999769e-01
1.355799999999999894e+00
3.879599999999999879e-08
1.076799999999999954e-07
3.143200000000000247e-07
8.632499999999999511e-07
2.726799999999999880e-06
8.027599999999999170e-06
2.659100000000000003e-05
7.977899999999999629e-05
2.639399999999999971e-04
7.871900000000000034e-04
2.603700000000000025e-03
7.627499999999999732e-03
2.191500000000000045e-02
5.752100000000000268e-02
1.647699999999999998e-01
4.349000000000000088e-01
1.364700000000000024e+00
5.067299999999999986e-08
1.329700000000000055e-07
3.964099999999999875e-07
1.101399999999999950e-06
3.298000000000000018e-06
9.011299999999999595e-06
2.831300000000000150e-05
8.319699999999999643e-05
2.716700000000000061e-04
8.053900000000000121e-04
2.651800000000000164e-03
7.834900000000000544e-03
2.566399999999999931e-02
7.048799999999999510e-02
1.965200000000000002e-01
4.849600000000000022e-01
1.368300000000000072e+00
7.265900000000000231e-08
1.815399999999999964e-07
5.090700000000000447e-07
1.338199999999999952e-06
3.968299999999999767e-06
1.090399999999999928e-05
3.210199999999999859e-05
8.861400000000000234e-05
2.783800000000000011e-04
8.087199999999999684e-04
2.631999999999999791e-03
7.713700000000000417e-03
2.499699999999999839e-02
7.379800000000000249e-02
2.303499999999999992e-01
5.468199999999999728e-01
1.389999999999999902e+00
7.459900000000000513e-08
2.170100000000000089e-07
6.989299999999999726e-07
1.755799999999999986e-06
4.897299999999999681e-06
1.264699999999999936e-05
3.650799999999999673e-05
9.893600000000000278e-05
2.924900000000000134e-04
8.114899999999999978e-04
2.560900000000000069e-03
7.382500000000000173e-03
2.350000000000000006e-02
6.825799999999999923e-02
2.226700000000000068e-01
6.058799999999999741e-01
1.455100000000000060e+00
7.817299999999999464e-08
2.260600000000000006e-07
7.279699999999999733e-07
2.116600000000000199e-06
6.430700000000000111e-06
1.569999999999999876e-05
4.190499999999999943e-05
1.056999999999999943e-04
3.071899999999999913e-04
8.380599999999999552e-04
2.483599999999999870e-03
6.890199999999999970e-03
2.130200000000000149e-02
6.028700000000000031e-02
1.941700000000000093e-01
5.317199999999999704e-01
1.514999999999999902e+00
8.336400000000000453e-08
2.391800000000000016e-07
7.623700000000000166e-07
2.189299999999999944e-06
6.881399999999999879e-06
1.930199999999999917e-05
5.125500000000000309e-05
1.204200000000000024e-04
3.228600000000000090e-04
8.348999999999999651e-04
2.455900000000000010e-03
6.446499999999999973e-03
1.883200000000000152e-02
5.127199999999999813e-02
1.616100000000000037e-01
4.373600000000000265e-01
1.263600000000000056e+00
9.033799999999999803e-08
2.569700000000000041e-07
8.096800000000000346e-07
2.291200000000000188e-06
7.034200000000000347e-06
1.919199999999999853e-05
5.741300000000000071e-05
1.486600000000000031e-04
3.675899999999999957e-04
8.798799999999999850e-04
2.393199999999999841e-03
6.121099999999999978e-03
1.652500000000000149e-02
4.153300000000000047e-02
1.249299999999999994e-01
3.328200000000000047e-01
9.533300000000000107e-01
9.999300000000000077e-08
2.809999999999999883e-07
8.710599999999999662e-07
2.416100000000000042e-06
7.202500000000000074e-06
1.905700000000000067e-05
5.544099999999999994e-05
1.514499999999999950e-04
4.655099999999999798e-04
1.032600000000000054e-03
2.575099999999999872e-03
6.086699999999999576e-03
1.596099999999999949e-02
3.805599999999999955e-02
1.036600000000000021e-01
2.774199999999999999e-01
7.631900000000000350e-01
1.119399999999999952e-07
3.105700000000000076e-07
9.462399999999999816e-07
2.565200000000000021e-06
7.391999999999999699e-06
1.893299999999999982e-05
5.363100000000000202e-05
1.443399999999999902e-04
4.459700000000000144e-04
1.272200000000000024e-03
3.040300000000000120e-03
6.583399999999999669e-03
1.570500000000000021e-02
3.580900000000000055e-02
9.217500000000000693e-02
2.208199999999999885e-01
6.377699999999999481e-01
1.271100000000000046e-07
3.476199999999999853e-07
1.035400000000000073e-06
2.733399999999999952e-06
7.597700000000000119e-06
1.884200000000000019e-05
5.205400000000000001e-05
1.381200000000000125e-04
4.220299999999999963e-04
1.193800000000000069e-03
3.717100000000000092e-03
7.796400000000000205e-03
1.667199999999999932e-02
3.494300000000000184e-02
8.437100000000000155e-02
1.917999999999999983e-01
5.080000000000000071e-01
1.429100000000000005e-07
3.901200000000000020e-07
1.134400000000000099e-06
2.905099999999999934e-06
7.779099999999999771e-06
1.873600000000000154e-05
5.070299999999999888e-05
1.329000000000000049e-04
4.018299999999999932e-04
1.127100000000000020e-03
3.474999999999999790e-03
9.401500000000000135e-03
1.928200000000000053e-02
3.646200000000000135e-02
7.986000000000000043e-02
1.722599999999999965e-01
4.333899999999999975e-01
1.534200000000000066e-07
4.384600000000000232e-07
1.256599999999999963e-06
3.120700000000000038e-06
8.047400000000000234e-06
1.885199999999999840e-05
5.001899999999999662e-05
1.295199999999999932e-04
3.869300000000000105e-04
1.075500000000000067e-03
3.281599999999999968e-03
8.780200000000000157e-03
2.405799999999999952e-02
4.088699999999999973e-02
8.038499999999999812e-02
1.596700000000000064e-01
3.791599999999999970e-01
1.489299999999999975e-07
4.480499999999999920e-07
1.358499999999999995e-06
3.346300000000000047e-06
8.352800000000000732e-06
1.908999999999999849e-05
4.975500000000000051e-05
1.272099999999999967e-04
3.753299999999999996e-04
1.033199999999999960e-03
3.120200000000000057e-03
8.254199999999999732e-03
2.222700000000000023e-02
4.146999999999999992e-02
8.405300000000000271e-02
1.532499999999999973e-01
3.368099999999999983e-01
7.875699999999999923e-01
1.455300000000000068e-07
4.582799999999999982e-07
1.476599999999999974e-06
3.617700000000000108e-06
8.762100000000000354e-06
1.957800000000000127e-05
5.014899999999999707e-05
1.265000000000000120e-04
3.682800000000000179e-04
1.003399999999999995e-03
2.998400000000000024e-03
7.844099999999999684e-03
2.077899999999999886e-02
4.369100000000000067e-02
9.412199999999999733e-02
1.548599999999999977e-01
3.145000000000000018e-01
6.914200000000000346e-01
1.451600000000000108e-07
4.654999999999999795e-07
1.546899999999999962e-06
3.792300000000000097e-06
9.082499999999999862e-06
2.009599999999999868e-05
5.096599999999999958e-05
1.274199999999999964e-04
3.676400000000000241e-04
9.943899999999999441e-04
2.951699999999999810e-03
7.677699999999999976e-03
2.017700000000000049e-02
4.545699999999999741e-02
1.023499999999999965e-01
1.586500000000000132e-01
3.095800000000000218e-01
6.551900000000000501e-01
1.436900000000000115e-07
4.569000000000000216e-07
1.530399999999999993e-06
3.853300000000000021e-06
9.337299999999999523e-06
2.057699999999999967e-05
5.186600000000000113e-05
1.289300000000000006e-04
3.697700000000000054e-04
9.952999999999999608e-04
2.940700000000000085e-03
7.614799999999999694e-03
1.989700000000000149e-02
4.454999999999999932e-02
9.980100000000000082e-02
1.617899999999999894e-01
3.166700000000000070e-01
6.522999999999999909e-01
1.427399999999999931e-07
4.441400000000000052e-07
1.504199999999999930e-06
4.005900000000000050e-06
9.988200000000000355e-06
2.184300000000000076e-05
5.428199999999999968e-05
1.331600000000000058e-04
3.769499999999999739e-04
1.004300000000000071e-03
2.939499999999999839e-03
7.544799999999999944e-03
1.950500000000000150e-02
4.318899999999999822e-02
9.599399999999999600e-02
1.710099999999999953e-01
3.386299999999999866e-01
6.641299999999999981e-01
1.450200000000000108e-07
4.402599999999999996e-07
1.499099999999999970e-06
4.227000000000000356e-06
1.089399999999999937e-05
2.364099999999999947e-05
5.780900000000000166e-05
1.395599999999999987e-04
3.887699999999999793e-04
1.023599999999999944e-03
2.965399999999999980e-03
7.544300000000000311e-03
1.931599999999999984e-02
4.235900000000000082e-02
9.360799999999999677e-02
1.844200000000000006e-01
3.703500000000000125e-01
6.984700000000000353e-01
1.542100000000000025e-07
4.528099999999999896e-07
1.486400000000000075e-06
4.117399999999999745e-06
1.067600000000000078e-05
2.350700000000000042e-05
5.829100000000000145e-05
1.417900000000000096e-04
3.937100000000000235e-04
1.026000000000000002e-03
2.937899999999999800e-03
7.392700000000000313e-03
1.866999999999999910e-02
4.032399999999999873e-02
8.710600000000000287e-02
1.684100000000000041e-01
3.347600000000000020e-01
6.341599999999999460e-01
1.654400000000000044e-07
4.710599999999999843e-07
1.492000000000000072e-06
4.052800000000000398e-06
1.055700000000000074e-05
2.359400000000000145e-05
5.931799999999999687e-05
1.453399999999999874e-04
4.022300000000000029e-04
1.037100000000000001e-03
2.934799999999999996e-03
7.305400000000000088e-03
1.821000000000000049e-02
3.877900000000000097e-02
8.202299999999999869e-02
1.557199999999999973e-01
3.064700000000000202e-01
5.829299999999999482e-01
1.787900000000000015e-07
4.949299999999999988e-07
1.516500000000000007e-06
4.040400000000000313e-06
1.055900000000000004e-05
2.392499999999999878e-05
6.090200000000000068e-05
1.501899999999999969e-04
4.140799999999999928e-04
1.055900000000000024e-03
2.952499999999999829e-03
7.270800000000000006e-03
1.789699999999999971e-02
3.760800000000000254e-02
7.799899999999999889e-02
1.454499999999999960e-01
2.833800000000000208e-01
5.408100000000000129e-01
1.947400000000000087e-07
5.248699999999999612e-07
1.559400000000000054e-06
4.074300000000000107e-06
1.066399999999999988e-05
2.446899999999999900e-05
6.301599999999999433e-05
1.563400000000000109e-04
4.292400000000000035e-04
1.082300000000000016e-03
2.989299999999999857e-03
7.283300000000000364e-03
1.771100000000000105e-02
3.674899999999999695e-02
7.482999999999999374e-02
1.371100000000000096e-01
2.644400000000000084e-01
5.060099999999999598e-01
2.141800000000000028e-07
5.621200000000000069e-07
1.622299999999999909e-06
4.157599999999999801e-06
1.087900000000000036e-05
2.524100000000000109e-05
6.571000000000000614e-05
1.639099999999999943e-04
4.479899999999999985e-04
1.116299999999999975e-03
3.045400000000000190e-03
7.342099999999999842e-03
1.764500000000000096e-02
3.617900000000000282e-02
7.243099999999999539e-02
1.304899999999999949e-01
2.492999999999999938e-01
4.782199999999999784e-01
2.824800000000000254e-07
6.928999999999999643e-07
1.871900000000000026e-06
4.590900000000000379e-06
1.192099999999999987e-05
2.820600000000000066e-05
7.507300000000000442e-05
1.894300000000000074e-04
5.108899999999999553e-04
1.234300000000000024e-03
3.261800000000000029e-03
7.661199999999999954e-03
1.790299999999999878e-02
3.571799999999999975e-02
6.886899999999999966e-02
1.192300000000000026e-01
2.231299999999999950e-01
4.303600000000000203e-01
4.270100000000000100e-07
9.381999999999999705e-07
2.353999999999999824e-06
5.547300000000000234e-06
1.426399999999999930e-05
3.426000000000000063e-05
9.315299999999999395e-05
2.321599999999999998e-04
6.079199999999999665e-04
1.411300000000000098e-03
3.588899999999999903e-03
8.195400000000000254e-03
1.862899999999999973e-02
3.622800000000000326e-02
6.753499999999999781e-02
1.125899999999999956e-01
2.069699999999999873e-01
4.008099999999999996e-01
7.502300000000000151e-07
1.424100000000000053e-06
3.235399999999999974e-06
7.234799999999999748e-06
1.781000000000000058e-05
4.095700000000000106e-05
1.054000000000000005e-04
2.470199999999999761e-04
6.296900000000000240e-04
1.503100000000000052e-03
3.922400000000000365e-03
8.899799999999999378e-03
1.977200000000000138e-02
3.754099999999999798e-02
6.786899999999999877e-02
1.093500000000000028e-01
1.932999999999999996e-01
3.652699999999999836e-01
1.573200000000000032e-06
2.410100000000000015e-06
4.686300000000000346e-06
9.719099999999999831e-06
2.292000000000000078e-05
5.116699999999999986e-05
1.269700000000000125e-04
2.850700000000000066e-04
6.917600000000000311e-04
1.648500000000000009e-03
4.355300000000000317e-03
9.804600000000000121e-03
2.129899999999999849e-02
3.951699999999999657e-02
6.945500000000000285e-02
1.084900000000000031e-01
1.850100000000000078e-01
3.416600000000000192e-01
4.225599999999999827e-06
4.857499999999999656e-06
7.474299999999999742e-06
1.377499999999999940e-05
3.066900000000000062e-05
6.697500000000000165e-05
1.634399999999999937e-04
3.688399999999999990e-04
8.959699999999999479e-04
2.092300000000000063e-03
5.282499999999999869e-03
1.137699999999999996e-02
2.379200000000000065e-02
4.308900000000000230e-02
7.417799999999999394e-02
1.144099999999999978e-01
1.939400000000000013e-01
3.594399999999999817e-01
1.368999999999999937e-05
1.228300000000000081e-05
1.385100000000000003e-05
2.114900000000000029e-05
4.266300000000000132e-05
9.044599999999999428e-05
2.197400000000000069e-04
5.250699999999999855e-04
1.478900000000000006e-03
3.892000000000000060e-03
1.010100000000000060e-02
2.095199999999999840e-02
4.113599999999999896e-02
6.910900000000000376e-02
9.348700000000000065e-02
1.198000000000000037e-01
1.949299999999999922e-01
3.567000000000000171e-01
1.396100000000000067e-05
3.878400000000000001e-05
8.899300000000000667e-05
1.152600000000000044e-04
1.408600000000000032e-04
2.212899999999999904e-04
4.561699999999999913e-04
9.581999999999999806e-04
2.185700000000000056e-03
4.775299999999999684e-03
1.153900000000000065e-02
2.485599999999999962e-02
4.940300000000000247e-02
7.914200000000000401e-02
1.172399999999999970e-01
1.595600000000000074e-01
2.359400000000000108e-01
3.963700000000000001e-01
6.833700000000000318e-06
1.633900000000000060e-05
4.699900000000000182e-05
1.334899999999999975e-04
3.652300000000000251e-04
6.264299999999999773e-04
9.641699999999999793e-04
1.659099999999999941e-03
3.274399999999999793e-03
6.313299999999999988e-03
1.359400000000000018e-02
2.759800000000000100e-02
5.556400000000000228e-02
9.056999999999999773e-02
1.314500000000000113e-01
1.753000000000000114e-01
2.569899999999999962e-01
4.344899999999999873e-01
5.038900000000000155e-06
9.506900000000000406e-06
2.412299999999999926e-05
6.288199999999999866e-05
1.977000000000000079e-04
5.929400000000000252e-04
1.677399999999999898e-03
3.113400000000000108e-03
5.258399999999999880e-03
8.737500000000000475e-03
1.634400000000000089e-02
3.021599999999999980e-02
5.781300000000000328e-02
9.577099999999999502e-02
1.434199999999999919e-01
1.916499999999999870e-01
2.820300000000000029e-01
4.804999999999999827e-01
8.433700000000000246e-06
1.045500000000000070e-05
1.681699999999999840e-05
3.515100000000000277e-05
9.912900000000000585e-05
2.849300000000000248e-04
9.749300000000000457e-04
2.923900000000000110e-03
7.316800000000000040e-03
1.206699999999999960e-02
1.932700000000000043e-02
3.163099999999999939e-02
5.586200000000000193e-02
9.090299999999999769e-02
1.426199999999999968e-01
1.981199999999999906e-01
2.972500000000000142e-01
5.116000000000000547e-01
2.516599999999999927e-05
2.678199999999999871e-05
2.999799999999999976e-05
3.700500000000000230e-05
5.992199999999999990e-05
1.250199999999999922e-04
3.599399999999999995e-04
1.054000000000000032e-03
3.583100000000000087e-03
1.000000000000000021e-02
2.099000000000000171e-02
3.145300000000000179e-02
4.857100000000000306e-02
7.441599999999999604e-02
1.211600000000000038e-01
1.889800000000000091e-01
3.202900000000000191e-01
5.985800000000000010e-01
7.231500000000000135e-05
7.422700000000000608e-05
7.754299999999999941e-05
8.311099999999999760e-05
9.559800000000000188e-05
1.252399999999999868e-04
2.169799999999999995e-04
4.629899999999999836e-04
1.293799999999999898e-03
3.579500000000000216e-03
1.123000000000000040e-02
2.469700000000000020e-02
4.008799999999999863e-02
5.695999999999999674e-02
8.913400000000000489e-02
1.454499999999999960e-01
2.640399999999999969e-01
4.924100000000000144e-01
1.730199999999999935e-04
1.755200000000000000e-04
1.791300000000000010e-04
1.848800000000000053e-04
1.961800000000000089e-04
2.192499999999999896e-04
2.747800000000000221e-04
3.954900000000000234e-04
7.433700000000000334e-04
1.599399999999999954e-03
4.299599999999999776e-03
1.176199999999999989e-02
2.804800000000000001e-02
4.391599999999999671e-02
6.755899999999999406e-02
1.108600000000000002e-01
2.101399999999999935e-01
3.990500000000000158e-01
3.970000000000000005e-04
3.683000000000000076e-04
3.582600000000000021e-04
3.592600000000000264e-04
3.691100000000000218e-04
3.898800000000000009e-04
4.375299999999999936e-04
5.242600000000000255e-04
7.326200000000000160e-04
1.165199999999999916e-03
2.343500000000000097e-03
5.348099999999999729e-03
1.503700000000000002e-02
3.127599999999999825e-02
5.206399999999999917e-02
8.549400000000000055e-02
1.709499999999999909e-01
3.403999999999999804e-01
8.379400000000000173e-04
8.432799999999999628e-04
8.380599999999999552e-04
7.428800000000000160e-04
6.684100000000000328e-04
6.446099999999999964e-04
6.692500000000000315e-04
7.462200000000000213e-04
9.076899999999999509e-04
1.206100000000000097e-03
1.911099999999999995e-03
3.440599999999999822e-03
8.177500000000000741e-03
1.957800000000000165e-02
4.052499999999999852e-02
6.875799999999999967e-02
1.370599999999999874e-01
2.784099999999999908e-01
1.370600000000000030e-03
1.353500000000000102e-03
1.425700000000000014e-03
1.316600000000000019e-03
1.414099999999999949e-03
1.279100000000000029e-03
1.241300000000000086e-03
1.176200000000000075e-03
1.236099999999999959e-03
1.451800000000000052e-03
2.002400000000000100e-03
3.054799999999999877e-03
5.815599999999999763e-03
1.265100000000000079e-02
3.050100000000000033e-02
5.772299999999999653e-02
1.155899999999999983e-01
2.339499999999999913e-01
2.265599999999999992e-03
2.299999999999999961e-03
2.209599999999999932e-03
2.119400000000000017e-03
2.122999999999999887e-03
2.138500000000000210e-03
2.140099999999999815e-03
2.141199999999999787e-03
2.220199999999999865e-03
2.126199999999999965e-03
2.510899999999999938e-03
3.368100000000000174e-03
5.526399999999999889e-03
1.007100000000000009e-02
2.349000000000000046e-02
4.960400000000000226e-02
1.028400000000000009e-01
2.063699999999999979e-01
3.329499999999999994e-03
3.352099999999999785e-03
3.372399999999999790e-03
3.405000000000000041e-03
3.463200000000000046e-03
3.216199999999999788e-03
3.088000000000000033e-03
3.115999999999999846e-03
3.245599999999999961e-03
3.434700000000000166e-03
4.011999999999999941e-03
4.484300000000000092e-03
6.282000000000000257e-03
1.018499999999999961e-02
2.082699999999999829e-02
4.430499999999999716e-02
9.606699999999999962e-02
1.914200000000000068e-01
4.579699999999999917e-03
4.611600000000000421e-03
4.643399999999999785e-03
4.685599999999999835e-03
4.754399999999999772e-03
4.821999999999999897e-03
4.905399999999999865e-03
4.869100000000000338e-03
4.569700000000000324e-03
4.876400000000000352e-03
5.565200000000000181e-03
6.625299999999999766e-03
9.102400000000000074e-03
1.186300000000000028e-02
2.089999999999999844e-02
4.423599999999999755e-02
9.518000000000000071e-02
1.871599999999999930e-01
5.910000000000000323e-03
6.036099999999999972e-03
6.106600000000000222e-03
6.154800000000000201e-03
6.219500000000000202e-03
6.304899999999999567e-03
6.444199999999999755e-03
6.636799999999999991e-03
6.952500000000000346e-03
7.527700000000000016e-03
7.524699999999999618e-03
9.308900000000000161e-03
1.229300000000000011e-02
1.652100000000000096e-02
2.471399999999999986e-02
4.474500000000000005e-02
1.055699999999999972e-01
2.041199999999999959e-01
6.687099999999999642e-03
7.366700000000000331e-03
7.650299999999999635e-03
7.773799999999999981e-03
7.868399999999999353e-03
7.964000000000000593e-03
8.108399999999999982e-03
8.321699999999999584e-03
8.716099999999999196e-03
9.395399999999999932e-03
1.092199999999999942e-02
1.355699999999999961e-02
1.613099999999999951e-02
2.280300000000000035e-02
3.020499999999999921e-02
4.972700000000000037e-02
1.074800000000000061e-01
2.238600000000000034e-01
4.817400000000000328e-03
7.599299999999999805e-03
8.912500000000000283e-03
9.367800000000000779e-03
9.602700000000000471e-03
9.750599999999999892e-03
9.929399999999999685e-03
1.016300000000000016e-02
1.059200000000000072e-02
1.131899999999999920e-02
1.292399999999999972e-02
1.591899999999999912e-02
2.234399999999999928e-02
3.127200000000000119e-02
4.147499999999999798e-02
5.925300000000000011e-02
1.172099999999999947e-01
2.407100000000000073e-01
5.675699999999999886e-04
1.778899999999999926e-03
4.670999999999999805e-03
8.440599999999999492e-03
1.137699999999999996e-02
1.241199999999999942e-02
1.285400000000000084e-02
1.316200000000000009e-02
1.364100000000000035e-02
1.442799999999999985e-02
1.615199999999999969e-02
1.938000000000000139e-02
2.640800000000000092e-02
3.701499999999999929e-02
5.198300000000000143e-02
7.679199999999999915e-02
1.411399999999999877e-01
2.728900000000000214e-01
7.556899999999999425e-05
3.629099999999999796e-04
1.926299999999999931e-03
6.053499999999999853e-03
1.147800000000000036e-02
1.424399999999999972e-02
1.561000000000000061e-02
1.636999999999999914e-02
1.717099999999999876e-02
1.821300000000000002e-02
2.025599999999999970e-02
2.390400000000000164e-02
3.179799999999999988e-02
4.496599999999999903e-02
7.030699999999999450e-02
1.129000000000000004e-01
2.118299999999999905e-01
3.587099999999999733e-01
2.131000000000000095e-05
5.894000000000000150e-05
2.942800000000000082e-04
1.240500000000000066e-03
4.267400000000000186e-03
9.395799999999999291e-03
1.543899999999999960e-02
1.890299999999999966e-02
2.100799999999999890e-02
2.265199999999999853e-02
2.518300000000000052e-02
2.934799999999999909e-02
3.819999999999999785e-02
5.318099999999999911e-02
8.259700000000000375e-02
1.320900000000000130e-01
2.444099999999999884e-01
4.348199999999999843e-01
1.630500000000000059e-05
2.357400000000000164e-05
6.480000000000000300e-05
2.724399999999999869e-04
1.506600000000000083e-03
5.627100000000000331e-03
1.408700000000000056e-02
2.095199999999999840e-02
2.558799999999999963e-02
2.863600000000000173e-02
3.228500000000000120e-02
3.749999999999999861e-02
4.800100000000000200e-02
6.560100000000000653e-02
1.002200000000000035e-01
1.580900000000000083e-01
2.868100000000000094e-01
5.460199999999999498e-01
2.607100000000000162e-05
2.825599999999999848e-05
3.980400000000000041e-05
8.200200000000000533e-05
3.056199999999999911e-04
1.243100000000000021e-03
4.763899999999999732e-03
1.201200000000000011e-02
2.386299999999999880e-02
3.437500000000000278e-02
4.375199999999999922e-02
5.262900000000000217e-02
6.660299999999999554e-02
8.820799999999999474e-02
1.299800000000000122e-01
1.996900000000000064e-01
3.534800000000000164e-01
6.574299999999999589e-01
4.580099999999999737e-05
4.669900000000000131e-05
5.482000000000000029e-05
7.816200000000000144e-05
1.619500000000000063e-04
4.447400000000000008e-04
1.794299999999999975e-03
6.788899999999999622e-03
2.163100000000000092e-02
4.097499999999999754e-02
6.070600000000000301e-02
7.734699999999999909e-02
9.834400000000000086e-02
1.268700000000000105e-01
1.796599999999999864e-01
2.668400000000000216e-01
4.550600000000000200e-01
8.135400000000000409e-01
6.468699999999999917e-05
7.271000000000000011e-05
9.452900000000000246e-05
1.391099999999999878e-04
2.557799999999999939e-04
5.159999999999999656e-04
1.264399999999999942e-03
3.304899999999999938e-03
1.040100000000000052e-02
2.670000000000000151e-02
5.910399999999999682e-02
9.802600000000000202e-02
1.439499999999999946e-01
1.937699999999999978e-01
2.717999999999999861e-01
3.917800000000000171e-01
6.406399999999999872e-01
1.090999999999999970e+00
8.873800000000000318e-05
1.083000000000000033e-04
1.560300000000000087e-04
2.474399999999999755e-04
4.649400000000000039e-04
8.877899999999999551e-04
1.852600000000000037e-03
3.789400000000000060e-03
9.036900000000000488e-03
2.213599999999999943e-02
6.012300000000000283e-02
1.250900000000000067e-01
2.148100000000000009e-01
3.091700000000000004e-01
4.393400000000000083e-01
6.172800000000000509e-01
9.600199999999999845e-01
1.538399999999999990e+00
9.909600000000000125e-05
1.161000000000000031e-04
1.702399999999999964e-04
2.897399999999999737e-04
6.039399999999999673e-04
1.264200000000000046e-03
2.858400000000000090e-03
5.997399999999999953e-03
1.339100000000000013e-02
2.794900000000000162e-02
6.378899999999999848e-02
1.329599999999999949e-01
2.637900000000000245e-01
4.300899999999999723e-01
6.592299999999999827e-01
9.409800000000000386e-01
1.418099999999999916e+00
2.147899999999999920e+00
1.114999999999999997e-04
1.254799999999999980e-04
1.846899999999999952e-04
3.310899999999999759e-04
7.527599999999999960e-04
1.712500000000000046e-03
4.191000000000000281e-03
9.205700000000000688e-03
2.071599999999999830e-02
4.175299999999999845e-02
8.876900000000000068e-02
1.756699999999999928e-01
3.581599999999999784e-01
6.276500000000000412e-01
1.025600000000000067e+00
1.493600000000000039e+00
2.190500000000000114e+00
3.126599999999999824e+00
