0.000 216.035
100.000 212.450
200.000 208.004
300.000 203.186
400.000 198.150
500.000 192.957
600.000 187.640
700.000 182.220
800.000 176.713
900.000 171.132
1000.000 165.485
1100.000 159.782
1200.000 154.028
1300.000 148.230
1400.000 142.394
1500.000 136.522
1600.000 130.620
1700.000 124.689
1800.000 118.734
1900.000 112.757
2000.000 106.760
2100.000 100.744
2200.000 94.712
2300.000 88.664
2400.000 82.603
2500.000 76.530
2600.000 70.444
2700.000 64.349
2800.000 58.243
2900.000 52.129
3000.000 46.007
3100.000 39.877
3200.000 33.741
3300.000 27.598
3400.000 21.449
3500.000 15.295
3600.000 9.136
3700.000 2.973
3800.000 -3.195
3900.000 -9.366
4000.000 -15.541
4100.000 -21.718
4200.000 -27.899
4300.000 -34.082
4400.000 -40.267
4500.000 -46.454
4600.000 -52.643
4700.000 -58.834
4800.000 -65.025
4900.000 -71.218
5000.000 -77.412
5100.000 -83.606
5200.000 -89.801
5300.000 -95.997
5400.000 -102.192
5500.000 -108.389
5600.000 -114.584
5700.000 -120.780
5800.000 -126.976
5900.000 -133.172
6000.000 -139.368
