Height Pressure Rho
0.000000e+00 1.000000e+05 1.161440e+00
1.617085e+02 9.817298e+04 1.144351e+00
3.228329e+02 9.637935e+04 1.127519e+00
4.833744e+02 9.461848e+04 1.110942e+00
6.433340e+02 9.288979e+04 1.094615e+00
8.027131e+02 9.119268e+04 1.078534e+00
9.615127e+02 8.952657e+04 1.062696e+00
1.119734e+03 8.789091e+04 1.047096e+00
1.277378e+03 8.628513e+04 1.031732e+00
1.434446e+03 8.470868e+04 1.016599e+00
1.590940e+03 8.316104e+04 1.001694e+00
1.746860e+03 8.164168e+04 9.870131e-01
1.902208e+03 8.015007e+04 9.725532e-01
2.056984e+03 7.868572e+04 9.583106e-01
2.211191e+03 7.724811e+04 9.442821e-01
2.364828e+03 7.583678e+04 9.304644e-01
2.517899e+03 7.445123e+04 9.168542e-01
2.670402e+03 7.309099e+04 9.034483e-01
2.822341e+03 7.175561e+04 8.902436e-01
2.973716e+03 7.044462e+04 8.772369e-01
3.124528e+03 6.915759e+04 8.644251e-01
3.274779e+03 6.789407e+04 8.518054e-01
3.424470e+03 6.665363e+04 8.393747e-01
3.573601e+03 6.543586e+04 8.271302e-01
3.722175e+03 6.424034e+04 8.150689e-01
3.870193e+03 6.306666e+04 8.031880e-01
4.017655e+03 6.191442e+04 7.914848e-01
4.164563e+03 6.078323e+04 7.799565e-01
4.310919e+03 5.967271e+04 7.686005e-01
4.456723e+03 5.858248e+04 7.574141e-01
4.601977e+03 5.751217e+04 7.463947e-01
4.746682e+03 5.646141e+04 7.355397e-01
4.890839e+03 5.542986e+04 7.248466e-01
5.034450e+03 5.441714e+04 7.143130e-01
5.177516e+03 5.342293e+04 7.039364e-01
5.320037e+03 5.244689e+04 6.937143e-01
5.462017e+03 5.148867e+04 6.836445e-01
5.603455e+03 5.054797e+04 6.737246e-01
5.744353e+03 4.962445e+04 6.639523e-01
5.884712e+03 4.871780e+04 6.543253e-01
6.024534e+03 4.782772e+04 6.448414e-01
6.163820e+03 4.695390e+04 6.354985e-01
6.302571e+03 4.609604e+04 6.262944e-01
6.440788e+03 4.525386e+04 6.172269e-01
6.578474e+03 4.442707e+04 6.082940e-01
6.715628e+03 4.361538e+04 5.994936e-01
6.852253e+03 4.281852e+04 5.908238e-01
6.988349e+03 4.203622e+04 5.822824e-01
7.123919e+03 4.126821e+04 5.738677e-01
7.258962e+03 4.051423e+04 5.655776e-01
7.393482e+03 3.977403e+04 5.574102e-01
7.527478e+03 3.904735e+04 5.493637e-01
7.660953e+03 3.833395e+04 5.414362e-01
7.793907e+03 3.763358e+04 5.336260e-01
7.926342e+03 3.694601e+04 5.259312e-01
8.058260e+03 3.627100e+04 5.183501e-01
8.189661e+03 3.560833e+04 5.108809e-01
8.320547e+03 3.495776e+04 5.035221e-01
8.450919e+03 3.431907e+04 4.962718e-01
8.580779e+03 3.369206e+04 4.891285e-01
8.710128e+03 3.307650e+04 4.820906e-01
8.838967e+03 3.247218e+04 4.751563e-01
8.967298e+03 3.187891e+04 4.683243e-01
9.095122e+03 3.129648e+04 4.615929e-01
9.222440e+03 3.072469e+04 4.549605e-01
9.349254e+03 3.016334e+04 4.484258e-01
9.475564e+03 2.961225e+04 4.419872e-01
9.601374e+03 2.907123e+04 4.356433e-01
9.726682e+03 2.854010e+04 4.293926e-01
9.851492e+03 2.801867e+04 4.232338e-01
9.975805e+03 2.750676e+04 4.171654e-01
1.009962e+04 2.700421e+04 4.111861e-01
1.022294e+04 2.651084e+04 4.052945e-01
1.034577e+04 2.602648e+04 3.994894e-01
1.046811e+04 2.555097e+04 3.937694e-01
1.058995e+04 2.508415e+04 3.881333e-01
1.071131e+04 2.462586e+04 3.825797e-01
1.083217e+04 2.417594e+04 3.771075e-01
1.095255e+04 2.373424e+04 3.717154e-01
1.107245e+04 2.330061e+04 3.664022e-01
1.119186e+04 2.287491e+04 3.611668e-01
1.131079e+04 2.245698e+04 3.560079e-01
1.142924e+04 2.204669e+04 3.509244e-01
1.154720e+04 2.164389e+04 3.459152e-01
1.166469e+04 2.124845e+04 3.409791e-01
1.178170e+04 2.086024e+04 3.361152e-01
1.189824e+04 2.047912e+04 3.313222e-01
1.201430e+04 2.010496e+04 3.265992e-01
1.212989e+04 1.973764e+04 3.219450e-01
1.224501e+04 1.937703e+04 3.173587e-01
1.235966e+04 1.902301e+04 3.128392e-01
1.247383e+04 1.867546e+04 3.083856e-01
1.258754e+04 1.833425e+04 3.039968e-01
1.270079e+04 1.799929e+04 2.996719e-01
1.281357e+04 1.767044e+04 2.954099e-01
1.292588e+04 1.734759e+04 2.912099e-01
1.303774e+04 1.703065e+04 2.870710e-01
1.314913e+04 1.671950e+04 2.829922e-01
1.326007e+04 1.641403e+04 2.789727e-01
1.337054e+04 1.611414e+04 2.750116e-01
1.348056e+04 1.581973e+04 2.711080e-01
1.359013e+04 1.553071e+04 2.672610e-01
1.369924e+04 1.524696e+04 2.634699e-01
1.380790e+04 1.496839e+04 2.597337e-01
1.391611e+04 1.469492e+04 2.560517e-01
1.402386e+04 1.442644e+04 2.524230e-01
1.413117e+04 1.416287e+04 2.488469e-01
1.423804e+04 1.390411e+04 2.453226e-01
1.434445e+04 1.365008e+04 2.418493e-01
1.445043e+04 1.340069e+04 2.384262e-01
1.455596e+04 1.315586e+04 2.350527e-01
1.466105e+04 1.291550e+04 2.317279e-01
1.476570e+04 1.267953e+04 2.284512e-01
1.486991e+04 1.244787e+04 2.252218e-01
1.497368e+04 1.222045e+04 2.220391e-01
1.507702e+04 1.199718e+04 2.189023e-01
1.517992e+04 1.177799e+04 2.158108e-01
1.528239e+04 1.156280e+04 2.127639e-01
1.538443e+04 1.135155e+04 2.097609e-01
1.548604e+04 1.114415e+04 2.068013e-01
1.558722e+04 1.094055e+04 2.038843e-01
1.568797e+04 1.074066e+04 2.010093e-01
1.578829e+04 1.054443e+04 1.981757e-01
1.588819e+04 1.035178e+04 1.953829e-01
1.598767e+04 1.016265e+04 1.926302e-01
1.608672e+04 9.976978e+03 1.899172e-01
1.618536e+04 9.794697e+03 1.872432e-01
1.628357e+04 9.615746e+03 1.846077e-01
1.638137e+04 9.440065e+03 1.820100e-01
1.647875e+04 9.267593e+03 1.794496e-01
1.657571e+04 9.098273e+03 1.769260e-01
1.667226e+04 8.932046e+03 1.744386e-01
1.676840e+04 8.768856e+03 1.719869e-01
1.686412e+04 8.608648e+03 1.695704e-01
1.695944e+04 8.451366e+03 1.671886e-01
1.705435e+04 8.296959e+03 1.648408e-01
1.714885e+04 8.145372e+03 1.625268e-01
1.724294e+04 7.996555e+03 1.602458e-01
1.733664e+04 7.850456e+03 1.579976e-01
1.742992e+04 7.707027e+03 1.557815e-01
1.752281e+04 7.566219e+03 1.535971e-01
1.761529e+04 7.427982e+03 1.514440e-01
1.770738e+04 7.292272e+03 1.493217e-01
1.779907e+04 7.159041e+03 1.472297e-01
1.789036e+04 7.028244e+03 1.451676e-01
1.798126e+04 6.899837e+03 1.431350e-01
1.807176e+04 6.773776e+03 1.411314e-01
1.816187e+04 6.650018e+03 1.391563e-01
1.825159e+04 6.528521e+03 1.372095e-01
1.834092e+04 6.409244e+03 1.352905e-01
1.842987e+04 6.292146e+03 1.333988e-01
1.851842e+04 6.177188e+03 1.315341e-01
1.860659e+04 6.064329e+03 1.296960e-01
1.869438e+04 5.953533e+03 1.278840e-01
1.878178e+04 5.844761e+03 1.260979e-01
1.886880e+04 5.737976e+03 1.243372e-01
1.895544e+04 5.633143e+03 1.226016e-01
1.904170e+04 5.530224e+03 1.208906e-01
1.912759e+04 5.429186e+03 1.192040e-01
1.921309e+04 5.329994e+03 1.175414e-01
1.929823e+04 5.232614e+03 1.159024e-01
1.938298e+04 5.137014e+03 1.142867e-01
1.946737e+04 5.043159e+03 1.126939e-01
1.955139e+04 4.951020e+03 1.111238e-01
1.963503e+04 4.860564e+03 1.095759e-01
1.971831e+04 4.771761e+03 1.080501e-01
1.980122e+04 4.684580e+03 1.065458e-01
1.988377e+04 4.598992e+03 1.050629e-01
1.996595e+04 4.514968e+03 1.036010e-01
2.004776e+04 4.432479e+03 1.021599e-01
2.012922e+04 4.351497e+03 1.007392e-01
2.021031e+04 4.271994e+03 9.933855e-02
2.029105e+04 4.193944e+03 9.795777e-02
2.037143e+04 4.117320e+03 9.659653e-02
2.045145e+04 4.042096e+03 9.525456e-02
2.053111e+04 3.968246e+03 9.393158e-02
2.061042e+04 3.895746e+03 9.262730e-02
2.068938e+04 3.824570e+03 9.134146e-02
2.076799e+04 3.754694e+03 9.007380e-02
2.084624e+04 3.686095e+03 8.882404e-02
2.092415e+04 3.618750e+03 8.759194e-02
2.100171e+04 3.552635e+03 8.637724e-02
2.107893e+04 3.487727e+03 8.517968e-02
2.115579e+04 3.424006e+03 8.399902e-02
2.123232e+04 3.361449e+03 8.283502e-02
2.130850e+04 3.300035e+03 8.168743e-02
2.138434e+04 3.239743e+03 8.055602e-02
2.145984e+04 3.180552e+03 7.944056e-02
2.153500e+04 3.122443e+03 7.834082e-02
2.160983e+04 3.065395e+03 7.725656e-02
2.168432e+04 3.009390e+03 7.618758e-02
2.175847e+04 2.954408e+03 7.513364e-02
2.183229e+04 2.900430e+03 7.409454e-02
2.190578e+04 2.847439e+03 7.307005e-02
2.197893e+04 2.795416e+03 7.205997e-02
2.205176e+04 2.744343e+03 7.106410e-02
2.212426e+04 2.694204e+03 7.008222e-02
2.219643e+04 2.644980e+03 6.911415e-02
2.226827e+04 2.596656e+03 6.815967e-02
2.233979e+04 2.549215e+03 6.721859e-02
2.241098e+04 2.502640e+03 6.629073e-02
2.248185e+04 2.456916e+03 6.537590e-02
2.255240e+04 2.412028e+03 6.447390e-02
2.262264e+04 2.367960e+03 6.358455e-02
2.269255e+04 2.324697e+03 6.270768e-02
2.276214e+04 2.282224e+03 6.184310e-02
2.283142e+04 2.240528e+03 6.099063e-02
2.290038e+04 2.199593e+03 6.015012e-02
2.296903e+04 2.159406e+03 5.932137e-02
2.303736e+04 2.119953e+03 5.850423e-02
2.310539e+04 2.081222e+03 5.769854e-02
2.317310e+04 2.043197e+03 5.690411e-02
2.324051e+04 2.005868e+03 5.612081e-02
2.330760e+04 1.969220e+03 5.534846e-02
2.337439e+04 1.933242e+03 5.458691e-02
2.344088e+04 1.897922e+03 5.383601e-02
2.350706e+04 1.863246e+03 5.309561e-02
2.357293e+04 1.829205e+03 5.236555e-02
2.363851e+04 1.795785e+03 5.164569e-02
2.370378e+04 1.762975e+03 5.093588e-02
2.376875e+04 1.730766e+03 5.023598e-02
2.383343e+04 1.699144e+03 4.954585e-02
2.389781e+04 1.668101e+03 4.886535e-02
2.396189e+04 1.637624e+03 4.819435e-02
2.402568e+04 1.607704e+03 4.753270e-02
2.408917e+04 1.578331e+03 4.688028e-02
2.415237e+04 1.549495e+03 4.623695e-02
2.421528e+04 1.521186e+03 4.560259e-02
2.427790e+04 1.493393e+03 4.497706e-02
2.434023e+04 1.466109e+03 4.436025e-02
2.440227e+04 1.439323e+03 4.375203e-02
2.446402e+04 1.413026e+03 4.315227e-02
2.452549e+04 1.387210e+03 4.256087e-02
2.458667e+04 1.361865e+03 4.197768e-02
2.464757e+04 1.336984e+03 4.140262e-02
2.470819e+04 1.312557e+03 4.083555e-02
2.476853e+04 1.288576e+03 4.027636e-02
2.482859e+04 1.265034e+03 3.972495e-02
2.488837e+04 1.241921e+03 3.918119e-02
2.494787e+04 1.219231e+03 3.864500e-02
2.500709e+04 1.196956e+03 3.811625e-02
2.506604e+04 1.175087e+03 3.759484e-02
2.512471e+04 1.153618e+03 3.708067e-02
2.518311e+04 1.132541e+03 3.657364e-02
2.524124e+04 1.111850e+03 3.607364e-02
2.529910e+04 1.091536e+03 3.558058e-02
2.535668e+04 1.071593e+03 3.509435e-02
2.541400e+04 1.052015e+03 3.461487e-02
2.547105e+04 1.032795e+03 3.414204e-02
2.552784e+04 1.013925e+03 3.367575e-02
2.558435e+04 9.954008e+02 3.321593e-02
2.564061e+04 9.772147e+02 3.276248e-02
2.569660e+04 9.593608e+02 3.231531e-02
2.575232e+04 9.418332e+02 3.187433e-02
2.580779e+04 9.246257e+02 3.143945e-02
2.586300e+04 9.077327e+02 3.101059e-02
2.591794e+04 8.911482e+02 3.058766e-02
2.597263e+04 8.748668e+02 3.017059e-02
2.602706e+04 8.588829e+02 2.975928e-02
2.608124e+04 8.431909e+02 2.935366e-02
2.613516e+04 8.277857e+02 2.895365e-02
2.618883e+04 8.126619e+02 2.855916e-02
2.624224e+04 7.978145e+02 2.817013e-02
2.629540e+04 7.832383e+02 2.778647e-02
2.634831e+04 7.689284e+02 2.740811e-02
2.640097e+04 7.548799e+02 2.703497e-02
2.645339e+04 7.410882e+02 2.666699e-02
2.650555e+04 7.275484e+02 2.630408e-02
2.655747e+04 7.142559e+02 2.594618e-02
2.660915e+04 7.012064e+02 2.559322e-02
2.666057e+04 6.883952e+02 2.524512e-02
2.671176e+04 6.758181e+02 2.490183e-02
2.676270e+04 6.634708e+02 2.456327e-02
2.681340e+04 6.513491e+02 2.422937e-02
2.686386e+04 6.394488e+02 2.390008e-02
2.691409e+04 6.277660e+02 2.357533e-02
2.696407e+04 6.162966e+02 2.325504e-02
2.701381e+04 6.050368e+02 2.293917e-02
2.706332e+04 5.939827e+02 2.262765e-02
2.711260e+04 5.831305e+02 2.232042e-02
2.716164e+04 5.724766e+02 2.201742e-02
2.721044e+04 5.620174e+02 2.171858e-02
2.725901e+04 5.517492e+02 2.142386e-02
2.730736e+04 5.416687e+02 2.113319e-02
2.735547e+04 5.317723e+02 2.084652e-02
2.740335e+04 5.220568e+02 2.056379e-02
2.745100e+04 5.125187e+02 2.028495e-02
2.749843e+04 5.031549e+02 2.000994e-02
2.754563e+04 4.939622e+02 1.973871e-02
2.759260e+04 4.849374e+02 1.947120e-02
2.763935e+04 4.760775e+02 1.920738e-02
2.768587e+04 4.673795e+02 1.894717e-02
2.773217e+04 4.588404e+02 1.869054e-02
2.777825e+04 4.504573e+02 1.843743e-02
2.782411e+04 4.422274e+02 1.818779e-02
2.786975e+04 4.341478e+02 1.794159e-02
2.791517e+04 4.262159e+02 1.769876e-02
2.796037e+04 4.184289e+02 1.745926e-02
2.800536e+04 4.107841e+02 1.722304e-02
2.805013e+04 4.032790e+02 1.699007e-02
2.809468e+04 3.959110e+02 1.676029e-02
2.813902e+04 3.886777e+02 1.653366e-02
2.818314e+04 3.815765e+02 1.631014e-02
2.822706e+04 3.746050e+02 1.608968e-02
2.827076e+04 3.677609e+02 1.587224e-02
2.831425e+04 3.610419e+02 1.565778e-02
2.835753e+04 3.544456e+02 1.544626e-02
2.840060e+04 3.479698e+02 1.523763e-02
2.844346e+04 3.416123e+02 1.503186e-02
2.848612e+04 3.353710e+02 1.482891e-02
2.852857e+04 3.292437e+02 1.462874e-02
2.857082e+04 3.232284e+02 1.443130e-02
2.861286e+04 3.173230e+02 1.423657e-02
2.865469e+04 3.115254e+02 1.404450e-02
2.869633e+04 3.058338e+02 1.385506e-02
2.873776e+04 3.002462e+02 1.366821e-02
2.877899e+04 2.947606e+02 1.348392e-02
2.882002e+04 2.893753e+02 1.330214e-02
2.886085e+04 2.840884e+02 1.312285e-02
2.890149e+04 2.788980e+02 1.294601e-02
2.894192e+04 2.738025e+02 1.277159e-02
2.898216e+04 2.688001e+02 1.259955e-02
2.902220e+04 2.638891e+02 1.242986e-02
2.906205e+04 2.590678e+02 1.226249e-02
2.910171e+04 2.543346e+02 1.209740e-02
2.914117e+04 2.496878e+02 1.193457e-02
2.918044e+04 2.451260e+02 1.177396e-02
2.921951e+04 2.406475e+02 1.161554e-02
2.925840e+04 2.362508e+02 1.145929e-02
2.929709e+04 2.319345e+02 1.130517e-02
2.933560e+04 2.276970e+02 1.115315e-02
2.937392e+04 2.235370e+02 1.100320e-02
2.941205e+04 2.194529e+02 1.085530e-02
2.945000e+04 2.154435e+02 1.070942e-02
2.948775e+04 2.115073e+02 1.056552e-02
2.952533e+04 2.076430e+02 1.042359e-02
2.956272e+04 2.038493e+02 1.028360e-02
2.959994e+04 2.001250e+02 1.013895e-02
2.963698e+04 1.964687e+02 1.000244e-02
2.967385e+04 1.928792e+02 9.867786e-03
2.971054e+04 1.893552e+02 9.734960e-03
2.974705e+04 1.858957e+02 9.603941e-03
2.978338e+04 1.824993e+02 9.474701e-03
2.981953e+04 1.791650e+02 9.347219e-03
2.985551e+04 1.758917e+02 9.221468e-03
2.989131e+04 1.726781e+02 9.097425e-03
2.992694e+04 1.695232e+02 8.975068e-03
2.996239e+04 1.664260e+02 8.854371e-03
2.999767e+04 1.633854e+02 8.735314e-03
3.003277e+04 1.604003e+02 8.617873e-03
3.006771e+04 1.574698e+02 8.502026e-03
3.010247e+04 1.545928e+02 8.387750e-03
3.013706e+04 1.517683e+02 8.275026e-03
3.017149e+04 1.489955e+02 8.163830e-03
3.020574e+04 1.462733e+02 8.054143e-03
3.023983e+04 1.436009e+02 7.945944e-03
3.027375e+04 1.409773e+02 7.839211e-03
3.030751e+04 1.384016e+02 7.733925e-03
3.034109e+04 1.358730e+02 7.630067e-03
3.037452e+04 1.333906e+02 7.527616e-03
3.040778e+04 1.309535e+02 7.426553e-03
3.044087e+04 1.285610e+02 7.326859e-03
3.047381e+04 1.262121e+02 7.228516e-03
3.050658e+04 1.239062e+02 7.131505e-03
3.053919e+04 1.216424e+02 7.035807e-03
3.057164e+04 1.194200e+02 6.941405e-03
3.060393e+04 1.172382e+02 6.848281e-03
3.063606e+04 1.150962e+02 6.756417e-03
3.066803e+04 1.129934e+02 6.665797e-03
3.069985e+04 1.109290e+02 6.576402e-03
3.073151e+04 1.089023e+02 6.488217e-03
3.076301e+04 1.069126e+02 6.401225e-03
3.079436e+04 1.049593e+02 6.315409e-03
3.082555e+04 1.030417e+02 6.230754e-03
3.085659e+04 1.011591e+02 6.147243e-03
3.088748e+04 9.931092e+01 6.064861e-03
3.091821e+04 9.749649e+01 5.983593e-03
3.094879e+04 9.571522e+01 5.903423e-03
3.097923e+04 9.396648e+01 5.824336e-03
3.100951e+04 9.224970e+01 5.746317e-03
3.103964e+04 9.056428e+01 5.669353e-03
3.106962e+04 8.890966e+01 5.593427e-03
3.109945e+04 8.728527e+01 5.518527e-03
3.112914e+04 8.569055e+01 5.444639e-03
3.115868e+04 8.412497e+01 5.371748e-03
3.118807e+04 8.258799e+01 5.299840e-03
3.121732e+04 8.107910e+01 5.228903e-03
3.124642e+04 7.959777e+01 5.158924e-03
3.127538e+04 7.814351e+01 5.089888e-03
3.130420e+04 7.671581e+01 5.021784e-03
3.133287e+04 7.531420e+01 4.954598e-03
3.136140e+04 7.393820e+01 4.888318e-03
3.138979e+04 7.258734e+01 4.822932e-03
3.141804e+04 7.126115e+01 4.758428e-03
3.144614e+04 6.995920e+01 4.694793e-03
3.147411e+04 6.868104e+01 4.632016e-03
3.150194e+04 6.742622e+01 4.570085e-03
3.152963e+04 6.619433e+01 4.508988e-03
3.155719e+04 6.498495e+01 4.448714e-03
3.158460e+04 6.379767e+01 4.389253e-03
3.161188e+04 6.263207e+01 4.330592e-03
3.163903e+04 6.148778e+01 4.272721e-03
3.166604e+04 6.036439e+01 4.215630e-03
3.169291e+04 5.926152e+01 4.159307e-03
3.171965e+04 5.817880e+01 4.103743e-03
3.174626e+04 5.711586e+01 4.048926e-03
3.177274e+04 5.607235e+01 3.994847e-03
3.179908e+04 5.504790e+01 3.941496e-03
3.182529e+04 5.404216e+01 3.888863e-03
3.185137e+04 5.305481e+01 3.836938e-03
3.187733e+04 5.208549e+01 3.785711e-03
3.190315e+04 5.113388e+01 3.735174e-03
3.192884e+04 5.019965e+01 3.685316e-03
3.195441e+04 4.928250e+01 3.636128e-03
3.197985e+04 4.838210e+01 3.587602e-03
3.200516e+04 4.749815e+01 3.539728e-03
3.203034e+04 4.663035e+01 3.492498e-03
3.205540e+04 4.577841e+01 3.445902e-03
3.208033e+04 4.494203e+01 3.399933e-03
3.210514e+04 4.412093e+01 3.354582e-03
3.212983e+04 4.331483e+01 3.309840e-03
3.215439e+04 4.252346e+01 3.265698e-03
3.217883e+04 4.174655e+01 3.222150e-03
3.220315e+04 4.098384e+01 3.179187e-03
3.222734e+04 4.023506e+01 3.136801e-03
3.225141e+04 3.949995e+01 3.094984e-03
3.227537e+04 3.877828e+01 3.053729e-03
3.229920e+04 3.806980e+01 3.013028e-03
3.232291e+04 3.737426e+01 2.972873e-03
3.234651e+04 3.669142e+01 2.933257e-03
3.236999e+04 3.602107e+01 2.894172e-03
3.239335e+04 3.536296e+01 2.855613e-03
3.241659e+04 3.471687e+01 2.817571e-03
3.243971e+04 3.408259e+01 2.780044e-03
3.246272e+04 3.345989e+01 2.743021e-03
3.248562e+04 3.284857e+01 2.706494e-03
3.250839e+04 3.224842e+01 2.670457e-03
3.253106e+04 3.165924e+01 2.634903e-03
3.255361e+04 3.108082e+01 2.599825e-03
3.257605e+04 3.051297e+01 2.565218e-03
3.259837e+04 2.995549e+01 2.531074e-03
3.262058e+04 2.940820e+01 2.497388e-03
3.264268e+04 2.887091e+01 2.464154e-03
3.266467e+04 2.834343e+01 2.431364e-03
3.268655e+04 2.782559e+01 2.399014e-03
3.270832e+04 2.731722e+01 2.367098e-03
3.272998e+04 2.681813e+01 2.335609e-03
3.275153e+04 2.632815e+01 2.304541e-03
3.277297e+04 2.584714e+01 2.273890e-03
3.279431e+04 2.537490e+01 2.243649e-03
3.281553e+04 2.491130e+01 2.213813e-03
3.283665e+04 2.445617e+01 2.184377e-03
3.285766e+04 2.400935e+01 2.155334e-03
3.287857e+04 2.357069e+01 2.126681e-03
3.289937e+04 2.314005e+01 2.098411e-03
3.292007e+04 2.271728e+01 2.070519e-03
3.294066e+04 2.230223e+01 2.043001e-03
3.296115e+04 2.189477e+01 2.015850e-03
3.298153e+04 2.149475e+01 1.989063e-03
3.300181e+04 2.110203e+01 1.962635e-03
3.302199e+04 2.071650e+01 1.936560e-03
3.304207e+04 2.033800e+01 1.910834e-03
3.306204e+04 1.996642e+01 1.885452e-03
3.308192e+04 1.960163e+01 1.860410e-03
3.310169e+04 1.924351e+01 1.835702e-03
3.312137e+04 1.889193e+01 1.811325e-03
3.314094e+04 1.854677e+01 1.787274e-03
3.316042e+04 1.820792e+01 1.763545e-03
3.317979e+04 1.787526e+01 1.740132e-03
3.319907e+04 1.754867e+01 1.717033e-03
3.321825e+04 1.722805e+01 1.694243e-03
3.323734e+04 1.691330e+01 1.671757e-03
3.325633e+04 1.660429e+01 1.649572e-03
3.327522e+04 1.630092e+01 1.627684e-03
3.329401e+04 1.600310e+01 1.606088e-03
3.331271e+04 1.571072e+01 1.584780e-03
3.333132e+04 1.542369e+01 1.563758e-03
3.334983e+04 1.514189e+01 1.543016e-03
3.336825e+04 1.486525e+01 1.522552e-03
3.338657e+04 1.459366e+01 1.502361e-03
3.340480e+04 1.432703e+01 1.482439e-03
3.342294e+04 1.406527e+01 1.462784e-03
3.344098e+04 1.380830e+01 1.443392e-03
3.345894e+04 1.355602e+01 1.424258e-03
3.347680e+04 1.330835e+01 1.405381e-03
3.349457e+04 1.306520e+01 1.386755e-03
3.351226e+04 1.282650e+01 1.368378e-03
3.352985e+04 1.259216e+01 1.350247e-03
3.354735e+04 1.236210e+01 1.332357e-03
3.356476e+04 1.213624e+01 1.314707e-03
3.358209e+04 1.191451e+01 1.296989e-03
3.359933e+04 1.169683e+01 1.279789e-03
3.361648e+04 1.148312e+01 1.262818e-03
3.363355e+04 1.127333e+01 1.246073e-03
3.365053e+04 1.106736e+01 1.229552e-03
3.366742e+04 1.086516e+01 1.213250e-03
3.368423e+04 1.066665e+01 1.197166e-03
3.370095e+04 1.047177e+01 1.181296e-03
3.371759e+04 1.028045e+01 1.165638e-03
3.373414e+04 1.009262e+01 1.150188e-03
3.375061e+04 9.908228e+00 1.134943e-03
3.376699e+04 9.727203e+00 1.119902e-03
3.378329e+04 9.549486e+00 1.105061e-03
3.379951e+04 9.375015e+00 1.090418e-03
3.381565e+04 9.203732e+00 1.075969e-03
3.383170e+04 9.035578e+00 1.061713e-03
3.384767e+04 8.870497e+00 1.047647e-03
3.386356e+04 8.708431e+00 1.033768e-03
3.387937e+04 8.549327e+00 1.020073e-03
3.389510e+04 8.393129e+00 1.006561e-03
3.391075e+04 8.239786e+00 9.932287e-04
3.392632e+04 8.089243e+00 9.800737e-04
3.394181e+04 7.941452e+00 9.670937e-04
3.395722e+04 7.796360e+00 9.542865e-04
3.397255e+04 7.653919e+00 9.416495e-04
3.398781e+04 7.514081e+00 9.291807e-04
3.400299e+04 7.376798e+00 9.168777e-04
3.401809e+04 7.242022e+00 9.047383e-04
3.403311e+04 7.109709e+00 8.927603e-04
3.404805e+04 6.979814e+00 8.809416e-04
3.406292e+04 6.852292e+00 8.692801e-04
3.407772e+04 6.727099e+00 8.577735e-04
3.409244e+04 6.604194e+00 8.464200e-04
3.410708e+04 6.483534e+00 8.352173e-04
3.412165e+04 6.365079e+00 8.241636e-04
3.413614e+04 6.248788e+00 8.132571e-04
3.415056e+04 6.134622e+00 8.024958e-04
3.416491e+04 6.022541e+00 7.918776e-04
3.417918e+04 5.912508e+00 7.814004e-04
3.419338e+04 5.804486e+00 7.710624e-04
3.420751e+04 5.698437e+00 7.608618e-04
3.422157e+04 5.594326e+00 7.507966e-04
3.423555e+04 5.492116e+00 7.408652e-04
3.424946e+04 5.391775e+00 7.310656e-04
3.426330e+04 5.293266e+00 7.213962e-04
3.427707e+04 5.196557e+00 7.118552e-04
3.429077e+04 5.101615e+00 7.024409e-04
3.430440e+04 5.008408e+00 6.931516e-04
3.431797e+04 4.916904e+00 6.839856e-04
3.433146e+04 4.827071e+00 6.749413e-04
3.434488e+04 4.738880e+00 6.660170e-04
3.435823e+04 4.652300e+00 6.572112e-04
3.437152e+04 4.567301e+00 6.485223e-04
3.438473e+04 4.483856e+00 6.399487e-04
3.439788e+04 4.401935e+00 6.314888e-04
3.441097e+04 4.321511e+00 6.231413e-04
3.442398e+04 4.242556e+00 6.149044e-04
3.443693e+04 4.165044e+00 6.067769e-04
3.444981e+04 4.088948e+00 5.987572e-04
3.446263e+04 4.014242e+00 5.908439e-04
3.447538e+04 3.940902e+00 5.830356e-04
3.448806e+04 3.868901e+00 5.753308e-04
3.450068e+04 3.798215e+00 5.677282e-04
3.451324e+04 3.728821e+00 5.602264e-04
3.452573e+04 3.660695e+00 5.528241e-04
3.453816e+04 3.593814e+00 5.455200e-04
3.455052e+04 3.528154e+00 5.383127e-04
3.456282e+04 3.463694e+00 5.312010e-04
3.457506e+04 3.400412e+00 5.241836e-04
3.458723e+04 3.338286e+00 5.172592e-04
3.459935e+04 3.277295e+00 5.104266e-04
3.461140e+04 3.217418e+00 5.036845e-04
3.462338e+04 3.158635e+00 4.970318e-04
3.463531e+04 3.100927e+00 4.904673e-04
3.464718e+04 3.044272e+00 4.839898e-04
3.465898e+04 2.988653e+00 4.775981e-04
3.467072e+04 2.934050e+00 4.712911e-04
3.468241e+04 2.880444e+00 4.650676e-04
3.469403e+04 2.827818e+00 4.589266e-04
3.470559e+04 2.776153e+00 4.528670e-04
3.471710e+04 2.725433e+00 4.468877e-04
3.472854e+04 2.675638e+00 4.409875e-04
3.473993e+04 2.626754e+00 4.351655e-04
3.475126e+04 2.578763e+00 4.294206e-04
3.476253e+04 2.531648e+00 4.237518e-04
3.477374e+04 2.485395e+00 4.181580e-04
3.478490e+04 2.439986e+00 4.126383e-04
3.479599e+04 2.395407e+00 4.071917e-04
3.480703e+04 2.351643e+00 4.018173e-04
3.481802e+04 2.308678e+00 3.965139e-04
3.482894e+04 2.266498e+00 3.912808e-04
3.483982e+04 2.225089e+00 3.861170e-04
3.485063e+04 2.184436e+00 3.810215e-04
3.486139e+04 2.144526e+00 3.759934e-04
3.487209e+04 2.105345e+00 3.710319e-04
3.488274e+04 2.066880e+00 3.661361e-04
3.489334e+04 2.029118e+00 3.613050e-04
3.490388e+04 1.992046e+00 3.565379e-04
3.491436e+04 1.955651e+00 3.518339e-04
3.492479e+04 1.919921e+00 3.471920e-04
3.493517e+04 1.884843e+00 3.426116e-04
3.494550e+04 1.850407e+00 3.380918e-04
3.495577e+04 1.816600e+00 3.336318e-04
3.496599e+04 1.783410e+00 3.292308e-04
3.497615e+04 1.750827e+00 3.248880e-04
3.498627e+04 1.718839e+00 3.206026e-04
3.499633e+04 1.687436e+00 3.163739e-04
3.500634e+04 1.656606e+00 3.122011e-04
3.501629e+04 1.626340e+00 3.080836e-04
3.502620e+04 1.596626e+00 3.040204e-04
3.503606e+04 1.567455e+00 3.000110e-04
3.504586e+04 1.538818e+00 2.960545e-04
3.505562e+04 1.510703e+00 2.921504e-04
3.506532e+04 1.483103e+00 2.882979e-04
3.507498e+04 1.456006e+00 2.844963e-04
3.508458e+04 1.429405e+00 2.807450e-04
3.509414e+04 1.403289e+00 2.770433e-04
3.510364e+04 1.377651e+00 2.733904e-04
3.511310e+04 1.352481e+00 2.697859e-04
3.512251e+04 1.327771e+00 2.662290e-04
3.513187e+04 1.303512e+00 2.627190e-04
3.514118e+04 1.279697e+00 2.592555e-04
3.515044e+04 1.256317e+00 2.558377e-04
3.515966e+04 1.233363e+00 2.524651e-04
3.516882e+04 1.210830e+00 2.491370e-04
3.517795e+04 1.188708e+00 2.458529e-04
3.518702e+04 1.166990e+00 2.426122e-04
3.519605e+04 1.145669e+00 2.394143e-04
3.520503e+04 1.124737e+00 2.362586e-04
3.521396e+04 1.104188e+00 2.331446e-04
3.522285e+04 1.084014e+00 2.300717e-04
3.523169e+04 1.064209e+00 2.270394e-04
3.524049e+04 1.044766e+00 2.240471e-04
3.524924e+04 1.025678e+00 2.210943e-04
3.525795e+04 1.006939e+00 2.181806e-04
3.526661e+04 9.885417e-01 2.153053e-04
3.527522e+04 9.704809e-01 2.124679e-04
3.528380e+04 9.527500e-01 2.096680e-04
3.529232e+04 9.353432e-01 2.069051e-04
3.530081e+04 9.182543e-01 2.041786e-04
3.530925e+04 9.014776e-01 2.014881e-04
3.531764e+04 8.850075e-01 1.988331e-04
3.532600e+04 8.688383e-01 1.962132e-04
3.533431e+04 8.529644e-01 1.936278e-04
3.534257e+04 8.373807e-01 1.910765e-04
3.535080e+04 8.220816e-01 1.885589e-04
3.535898e+04 8.070620e-01 1.860746e-04
3.536712e+04 7.923169e-01 1.836229e-04
3.537522e+04 7.778411e-01 1.812037e-04
3.538327e+04 7.636298e-01 1.788163e-04
3.539129e+04 7.496782e-01 1.764605e-04
3.539926e+04 7.359814e-01 1.741357e-04
3.540719e+04 7.225349e-01 1.718415e-04
3.541508e+04 7.093341e-01 1.695776e-04
3.542293e+04 6.963745e-01 1.673436e-04
3.543074e+04 6.836516e-01 1.651390e-04
3.543851e+04 6.711612e-01 1.629635e-04
3.544624e+04 6.588990e-01 1.608167e-04
3.545393e+04 6.468608e-01 1.586982e-04
3.546158e+04 6.350425e-01 1.566076e-04
3.546919e+04 6.234402e-01 1.545445e-04
3.547676e+04 6.120498e-01 1.525087e-04
3.548429e+04 6.008676e-01 1.504997e-04
3.549179e+04 5.898896e-01 1.485181e-04
3.549924e+04 5.791123e-01 1.465633e-04
3.550665e+04 5.685318e-01 1.446343e-04
3.551403e+04 5.581446e-01 1.427307e-04
3.552137e+04 5.479472e-01 1.408522e-04
3.552867e+04 5.379362e-01 1.389986e-04
3.553593e+04 5.281080e-01 1.371693e-04
3.554316e+04 5.184594e-01 1.353642e-04
3.555035e+04 5.089870e-01 1.335829e-04
3.555750e+04 4.996877e-01 1.318251e-04
3.556461e+04 4.905584e-01 1.300904e-04
3.557169e+04 4.815958e-01 1.283786e-04
3.557873e+04 4.727970e-01 1.266894e-04
3.558573e+04 4.641589e-01 1.250225e-04
3.559270e+04 4.556786e-01 1.233776e-04
3.559963e+04 4.473533e-01 1.217543e-04
3.560652e+04 4.391801e-01 1.201525e-04
3.561338e+04 4.311562e-01 1.185717e-04
3.562021e+04 4.232789e-01 1.170118e-04
3.562700e+04 4.155455e-01 1.154725e-04
3.563375e+04 4.079535e-01 1.139534e-04
3.564047e+04 4.005001e-01 1.124544e-04
3.564715e+04 3.931829e-01 1.109752e-04
3.565380e+04 3.859994e-01 1.095154e-04
3.566042e+04 3.789471e-01 1.080749e-04
3.566700e+04 3.720237e-01 1.066533e-04
3.567354e+04 3.652267e-01 1.052505e-04
3.568005e+04 3.585540e-01 1.038662e-04
3.568653e+04 3.520031e-01 1.025001e-04
3.569298e+04 3.455720e-01 1.011520e-04
3.569939e+04 3.392583e-01 9.982174e-05
3.570577e+04 3.330600e-01 9.850895e-05
3.571211e+04 3.269750e-01 9.721347e-05
3.571842e+04 3.210011e-01 9.593505e-05
3.572470e+04 3.151363e-01 9.467348e-05
3.573095e+04 3.093788e-01 9.342853e-05
3.573717e+04 3.037264e-01 9.219998e-05
3.574335e+04 2.981772e-01 9.098762e-05
3.574950e+04 2.927295e-01 8.979123e-05
3.575562e+04 2.873813e-01 8.861059e-05
3.576170e+04 2.821308e-01 8.744551e-05
3.576776e+04 2.769762e-01 8.629578e-05
3.577378e+04 2.719158e-01 8.516119e-05
3.577977e+04 2.669478e-01 8.404154e-05
3.578573e+04 2.620707e-01 8.293664e-05
3.579166e+04 2.572826e-01 8.184629e-05
3.579756e+04 2.525820e-01 8.077030e-05
3.580343e+04 2.479673e-01 7.970849e-05
3.580927e+04 2.434369e-01 7.866065e-05
3.581508e+04 2.389893e-01 7.762662e-05
3.582085e+04 2.346229e-01 7.660620e-05
3.582660e+04 2.303363e-01 7.559921e-05
3.583232e+04 2.261280e-01 7.460549e-05
3.583801e+04 2.219966e-01 7.362485e-05
3.584367e+04 2.179407e-01 7.265712e-05
3.584930e+04 2.139589e-01 7.170214e-05
3.585490e+04 2.100498e-01 7.075972e-05
3.586047e+04 2.062122e-01 6.982972e-05
3.586601e+04 2.024447e-01 6.891195e-05
3.587152e+04 1.987460e-01 6.800627e-05
3.587701e+04 1.951148e-01 6.711251e-05
3.588246e+04 1.915501e-01 6.623052e-05
3.588789e+04 1.880504e-01 6.536014e-05
3.589329e+04 1.846147e-01 6.450121e-05
3.589866e+04 1.812418e-01 6.365359e-05
3.590400e+04 1.779304e-01 6.281712e-05
3.590932e+04 1.746796e-01 6.199167e-05
3.591461e+04 1.714882e-01 6.117707e-05
3.591987e+04 1.683551e-01 6.037320e-05
3.592510e+04 1.652792e-01 5.957991e-05
3.593031e+04 1.622595e-01 5.879706e-05
3.593549e+04 1.592950e-01 5.802451e-05
3.594064e+04 1.563847e-01 5.726212e-05
3.594576e+04 1.535275e-01 5.650977e-05
3.595086e+04 1.507225e-01 5.576731e-05
3.595593e+04 1.479688e-01 5.503463e-05
3.596098e+04 1.452654e-01 5.431159e-05
3.596600e+04 1.426114e-01 5.359805e-05
3.597099e+04 1.400058e-01 5.289391e-05
3.597596e+04 1.374479e-01 5.219903e-05
3.598090e+04 1.349367e-01 5.151329e-05
3.598582e+04 1.324714e-01 5.083658e-05
3.599071e+04 1.300511e-01 5.016876e-05
3.599557e+04 1.276751e-01 4.950973e-05
3.600041e+04 1.253424e-01 4.885937e-05
3.600523e+04 1.230524e-01 4.821757e-05
3.601001e+04 1.208042e-01 4.758420e-05
3.601478e+04 1.185971e-01 4.695917e-05
3.601952e+04 1.164303e-01 4.634236e-05
3.602423e+04 1.143031e-01 4.573366e-05
3.602892e+04 1.122148e-01 4.513296e-05
3.603359e+04 1.101646e-01 4.454017e-05
3.603823e+04 1.081519e-01 4.395517e-05
3.604285e+04 1.061759e-01 4.337786e-05
3.604744e+04 1.042361e-01 4.280815e-05
3.605201e+04 1.023317e-01 4.224593e-05
3.605656e+04 1.004620e-01 4.169110e-05
3.606108e+04 9.862658e-02 4.114356e-05
3.606558e+04 9.682466e-02 4.060323e-05
3.607005e+04 9.505566e-02 4.007000e-05
3.607451e+04 9.331898e-02 3.954378e-05
3.607893e+04 9.161402e-02 3.902448e-05
3.608334e+04 8.994022e-02 3.851200e-05
3.608772e+04 8.829700e-02 3.800626e-05
3.609208e+04 8.668380e-02 3.750718e-05
3.609642e+04 8.510007e-02 3.701465e-05
3.610073e+04 8.354528e-02 3.652859e-05
3.610503e+04 8.201889e-02 3.604893e-05
3.610930e+04 8.052040e-02 3.557557e-05
3.611354e+04 7.904928e-02 3.510843e-05
3.611777e+04 7.760503e-02 3.464743e-05
3.612197e+04 7.618718e-02 3.419249e-05
3.612615e+04 7.479523e-02 3.374353e-05
3.613031e+04 7.342870e-02 3.330047e-05
3.613445e+04 7.208715e-02 3.286323e-05
3.613857e+04 7.077011e-02 3.243174e-05
3.614266e+04 6.947713e-02 3.200591e-05
3.614674e+04 6.820777e-02 3.158569e-05
3.615079e+04 6.696160e-02 3.117098e-05
3.615482e+04 6.573820e-02 3.076172e-05
3.615883e+04 6.453715e-02 3.035785e-05
3.616282e+04 6.335805e-02 2.995927e-05
3.616679e+04 6.220049e-02 2.956593e-05
3.617074e+04 6.106408e-02 2.917776e-05
3.617466e+04 5.994843e-02 2.879469e-05
3.617857e+04 5.885316e-02 2.841665e-05
3.618246e+04 5.777790e-02 2.804358e-05
3.618633e+04 5.672229e-02 2.767541e-05
3.619017e+04 5.568596e-02 2.731207e-05
3.619400e+04 5.466857e-02 2.695351e-05
3.619780e+04 5.366977e-02 2.659965e-05
3.620159e+04 5.268921e-02 2.625044e-05
3.620536e+04 5.172657e-02 2.590582e-05
3.620910e+04 5.078152e-02 2.556572e-05
3.621283e+04 4.985373e-02 2.523009e-05
3.621654e+04 4.894290e-02 2.489887e-05
3.622023e+04 4.804870e-02 2.457199e-05
3.622390e+04 4.717085e-02 2.424941e-05
3.622755e+04 4.630903e-02 2.393106e-05
3.623118e+04 4.546295e-02 2.361689e-05
3.623479e+04 4.463234e-02 2.330685e-05
3.623839e+04 4.381690e-02 2.300088e-05
3.624196e+04 4.301636e-02 2.269892e-05
3.624552e+04 4.223044e-02 2.240092e-05
3.624906e+04 4.145888e-02 2.210684e-05
3.625258e+04 4.070142e-02 2.181662e-05
3.625608e+04 3.995780e-02 2.153020e-05
3.625956e+04 3.922777e-02 2.124754e-05
3.626302e+04 3.851107e-02 2.096860e-05
3.626647e+04 3.780747e-02 2.069331e-05
3.626990e+04 3.711672e-02 2.042164e-05
3.627331e+04 3.643859e-02 2.015353e-05
3.627670e+04 3.577285e-02 1.988893e-05
3.628008e+04 3.511928e-02 1.962781e-05
3.628344e+04 3.447764e-02 1.937012e-05
3.628678e+04 3.384773e-02 1.911580e-05
3.629010e+04 3.322933e-02 1.886482e-05
3.629341e+04 3.262222e-02 1.861713e-05
3.629669e+04 3.202621e-02 1.837269e-05
3.629997e+04 3.144108e-02 1.813146e-05
3.630322e+04 3.086665e-02 1.789339e-05
3.630646e+04 3.030271e-02 1.765844e-05
3.630968e+04 2.974908e-02 1.742657e-05
3.631288e+04 2.920556e-02 1.719774e-05
3.631607e+04 2.867196e-02 1.697191e-05
3.631924e+04 2.814812e-02 1.674904e-05
3.632239e+04 2.763385e-02 1.652910e-05
3.632553e+04 2.712898e-02 1.631203e-05
3.632865e+04 2.663333e-02 1.609782e-05
3.633176e+04 2.614673e-02 1.588640e-05
3.633484e+04 2.566903e-02 1.567776e-05
3.633792e+04 2.520005e-02 1.547186e-05
3.634097e+04 2.473964e-02 1.526865e-05
3.634401e+04 2.428764e-02 1.506810e-05
3.634704e+04 2.384390e-02 1.487018e-05
3.635005e+04 2.340827e-02 1.467485e-05
3.635304e+04 2.298060e-02 1.448208e-05
3.635602e+04 2.256074e-02 1.429184e-05
3.635898e+04 2.214855e-02 1.410408e-05
3.636193e+04 2.174389e-02 1.391879e-05
3.636486e+04 2.134663e-02 1.373592e-05
3.636778e+04 2.095662e-02 1.355545e-05
3.637068e+04 2.057374e-02 1.337734e-05
3.637356e+04 2.019786e-02 1.320156e-05
3.637644e+04 1.982884e-02 1.302808e-05
3.637929e+04 1.946656e-02 1.285687e-05
3.638213e+04 1.911091e-02 1.268790e-05
3.638496e+04 1.876175e-02 1.252611e-05
3.638777e+04 1.841897e-02 1.236184e-05
3.639057e+04 1.808245e-02 1.219971e-05
3.639335e+04 1.775208e-02 1.203971e-05
3.639611e+04 1.742775e-02 1.188181e-05
3.639887e+04 1.710934e-02 1.172599e-05
3.640161e+04 1.679675e-02 1.157220e-05
3.640433e+04 1.648987e-02 1.142044e-05
3.640704e+04 1.618860e-02 1.127067e-05
3.640973e+04 1.589283e-02 1.112286e-05
3.641242e+04 1.560246e-02 1.097700e-05
3.641508e+04 1.531740e-02 1.083305e-05
3.641774e+04 1.503755e-02 1.069099e-05
3.642038e+04 1.476281e-02 1.055079e-05
3.642300e+04 1.449310e-02 1.041243e-05
3.642561e+04 1.422830e-02 1.027589e-05
3.642821e+04 1.396835e-02 1.014114e-05
3.643080e+04 1.371315e-02 1.000816e-05
3.643337e+04 1.346261e-02 9.876921e-06
3.643593e+04 1.321664e-02 9.747407e-06
3.643847e+04 1.297517e-02 9.619593e-06
3.644100e+04 1.273811e-02 9.493456e-06
3.644352e+04 1.250539e-02 9.368974e-06
3.644603e+04 1.227691e-02 9.246125e-06
3.644852e+04 1.205261e-02 9.124889e-06
3.645100e+04 1.183241e-02 9.005243e-06
3.645346e+04 1.161623e-02 8.887168e-06
3.645591e+04 1.140400e-02 8.770642e-06
3.645835e+04 1.119564e-02 8.655644e-06
3.646078e+04 1.099110e-02 8.542156e-06
3.646320e+04 1.079029e-02 8.430157e-06
3.646560e+04 1.059315e-02 8.319627e-06
3.646799e+04 1.039961e-02 8.210547e-06
3.647037e+04 1.020961e-02 8.102899e-06
3.647273e+04 1.002308e-02 7.996663e-06
3.647508e+04 9.839952e-03 7.891821e-06
3.647742e+04 9.660175e-03 7.788354e-06
3.647975e+04 9.483682e-03 7.686245e-06
3.648207e+04 9.310413e-03 7.585475e-06
3.648437e+04 9.140311e-03 7.486028e-06
3.648666e+04 8.973316e-03 7.387885e-06
3.648894e+04 8.809372e-03 7.291029e-06
3.649121e+04 8.648423e-03 7.195445e-06
3.649346e+04 8.490415e-03 7.101114e-06
3.649571e+04 8.335294e-03 7.008020e-06
3.649794e+04 8.183007e-03 6.916148e-06
3.650016e+04 8.033502e-03 6.825481e-06
3.650237e+04 7.886729e-03 6.736004e-06
3.650456e+04 7.742637e-03 6.647700e-06
3.650675e+04 7.601178e-03 6.560554e-06
3.650892e+04 7.462303e-03 6.474552e-06
3.651109e+04 7.325965e-03 6.389677e-06
3.651324e+04 7.192119e-03 6.305916e-06
3.651538e+04 7.060718e-03 6.223254e-06
3.651751e+04 6.931717e-03 6.141676e-06
3.651963e+04 6.805074e-03 6.061168e-06
3.652173e+04 6.680744e-03 5.981716e-06
3.652383e+04 6.558686e-03 5.903305e-06
3.652591e+04 6.438857e-03 5.825924e-06
3.652799e+04 6.321218e-03 5.749557e-06
3.653005e+04 6.205729e-03 5.674192e-06
3.653210e+04 6.092349e-03 5.599815e-06
3.653415e+04 5.981041e-03 5.526413e-06
3.653618e+04 5.871766e-03 5.453975e-06
3.653820e+04 5.764488e-03 5.382486e-06
3.654021e+04 5.659170e-03 5.311935e-06
3.654221e+04 5.555776e-03 5.242309e-06
3.654419e+04 5.454271e-03 5.173596e-06
3.654617e+04 5.354621e-03 5.105784e-06
3.654814e+04 5.256791e-03 5.038861e-06
3.655010e+04 5.160749e-03 4.972816e-06
3.655205e+04 5.066461e-03 4.907637e-06
3.655398e+04 4.973896e-03 4.843313e-06
3.655591e+04 4.883022e-03 4.779832e-06
3.655783e+04 4.793808e-03 4.717183e-06
3.655974e+04 4.706225e-03 4.655356e-06
3.656163e+04 4.620241e-03 4.594340e-06
3.656352e+04 4.535829e-03 4.534123e-06
3.656540e+04 4.452959e-03 4.474696e-06
3.656726e+04 4.371602e-03 4.416049e-06
3.656912e+04 4.291732e-03 4.358170e-06
3.657097e+04 4.213322e-03 4.301050e-06
3.657281e+04 4.136344e-03 4.244679e-06
3.657464e+04 4.060772e-03 4.189047e-06
3.657646e+04 3.986581e-03 4.134144e-06
3.657827e+04 3.913746e-03 4.079961e-06
3.658007e+04 3.842241e-03 4.026488e-06
3.658186e+04 3.772042e-03 3.973716e-06
3.658364e+04 3.703127e-03 3.921636e-06
3.658541e+04 3.635470e-03 3.870239e-06
3.658717e+04 3.569049e-03 3.819515e-06
3.658893e+04 3.503842e-03 3.769456e-06
3.659067e+04 3.439826e-03 3.720054e-06
3.659241e+04 3.376980e-03 3.671299e-06
3.659413e+04 3.315282e-03 3.623183e-06
3.659585e+04 3.254712e-03 3.575697e-06
3.659756e+04 3.195248e-03 3.528834e-06
3.659926e+04 3.136870e-03 3.482585e-06
3.660095e+04 3.079559e-03 3.436942e-06
3.660263e+04 3.023295e-03 3.391898e-06
3.660430e+04 2.968059e-03 3.347443e-06
3.660597e+04 2.913832e-03 3.303572e-06
3.660762e+04 2.860596e-03 3.260275e-06
3.660927e+04 2.808332e-03 3.217545e-06
3.661091e+04 2.757023e-03 3.175375e-06
3.661253e+04 2.706652e-03 3.133758e-06
3.661416e+04 2.657201e-03 3.092686e-06
3.661577e+04 2.608654e-03 3.052153e-06
3.661737e+04 2.560993e-03 3.012150e-06
3.661897e+04 2.514203e-03 2.972671e-06
3.662055e+04 2.468268e-03 2.933710e-06
3.662213e+04 2.423173e-03 2.895259e-06
3.662370e+04 2.378901e-03 2.857312e-06
3.662527e+04 2.335438e-03 2.819861e-06
3.662682e+04 2.292769e-03 2.782902e-06
3.662837e+04 2.250880e-03 2.746426e-06
3.662990e+04 2.209756e-03 2.710428e-06
3.663143e+04 2.169384e-03 2.674902e-06
3.663296e+04 2.129749e-03 2.639841e-06
3.663447e+04 2.090838e-03 2.605239e-06
3.663598e+04 2.052638e-03 2.571090e-06
3.663748e+04 2.015136e-03 2.537389e-06
3.663897e+04 1.978319e-03 2.504128e-06
3.664045e+04 1.942175e-03 2.471303e-06
3.664192e+04 1.906691e-03 2.438908e-06
3.664339e+04 1.871855e-03 2.406938e-06
3.664485e+04 1.837656e-03 2.375385e-06
3.664630e+04 1.804082e-03 2.344246e-06
3.664775e+04 1.771121e-03 2.313515e-06
3.664918e+04 1.738762e-03 2.283185e-06
3.665061e+04 1.706995e-03 2.253253e-06
3.665203e+04 1.675808e-03 2.223712e-06
3.665345e+04 1.645191e-03 2.194558e-06
3.665485e+04 1.615133e-03 2.165786e-06
3.665625e+04 1.585624e-03 2.137390e-06
3.665765e+04 1.556654e-03 2.109366e-06
3.665903e+04 1.528214e-03 2.081708e-06
3.666041e+04 1.500293e-03 2.054413e-06
3.666178e+04 1.472883e-03 2.027474e-06
3.666314e+04 1.445973e-03 2.000888e-06
3.666450e+04 1.419555e-03 1.974650e-06
3.666585e+04 1.393619e-03 1.948754e-06
3.666719e+04 1.368158e-03 1.923198e-06
3.666852e+04 1.343161e-03 1.897976e-06
3.666985e+04 1.318621e-03 1.873083e-06
3.667117e+04 1.294530e-03 1.848517e-06
3.667249e+04 1.270879e-03 1.824271e-06
3.667380e+04 1.247660e-03 1.800342e-06
3.667510e+04 1.224865e-03 1.776727e-06
3.667639e+04 1.202486e-03 1.753420e-06
3.667768e+04 1.180517e-03 1.730417e-06
3.667896e+04 1.158948e-03 1.707726e-06
3.668023e+04 1.137774e-03 1.685355e-06
3.668150e+04 1.116987e-03 1.663277e-06
3.668276e+04 1.096579e-03 1.641489e-06
3.668401e+04 1.076545e-03 1.619986e-06
3.668526e+04 1.056876e-03 1.598765e-06
3.668650e+04 1.037567e-03 1.577821e-06
3.668773e+04 1.018610e-03 1.557153e-06
3.668896e+04 1.000000e-03 1.536755e-06
